ll pshb run of 5000 elements got times = {90, 30, 20, 30, 21, 20, 20, 20, 20, 30, 20, 30, 20, 20, 110, 50, 50, 50, 50, 50, 50, 20, 30, 20, 20, 20, 20, 20, 20, 20, 20, 20, 20, 30, 20, 20, 20, 20, 20, 20, 20, 20, 30, 30, 20, 20, 20, 20, 20, 20, 20, 30, 30, 20, 20, 30, 20, 21, 20, 30, 20, 20, 20, 20, 20, 20, 30, 20, 20, 30, 20, 20, 30, 20, 20, 20, 20, 20, 20, 20, 20, 30, 30, 20, 20, 30, 20, 20, 30, 20, 20, 30, 20, 30, 20, 20, 20, 20, 20, 20, }

ll pshb run of 10000 elements got times = {30, 20, 30, 20, 20, 30, 20, 20, 20, 30, 20, 20, 20, 20, 20, 20, 20, 20, 20, 30, 21, 20, 20, 20, 20, 20, 20, 20, 20, 20, 20, 20, 20, 20, 20, 20, 20, 20, 30, 20, 20, 30, 20, 20, 20, 20, 20, 20, 30, 30, 30, 20, 30, 20, 20, 20, 20, 20, 20, 30, 20, 20, 20, 20, 20, 30, 20, 30, 20, 30, 20, 20, 20, 20, 20, 30, 20, 20, 20, 20, 30, 20, 20, 21, 20, 20, 20, 20, 21, 20, 21, 20, 30, 20, 20, 20, 20, 20, 30, 20, }

ll pshb run of 15000 elements got times = {110, 30, 20, 20, 20, 30, 20, 20, 20, 20, 30, 20, 20, 20, 20, 20, 20, 30, 30, 20, 20, 20, 30, 30, 30, 20, 20, 31, 30, 20, 30, 20, 20, 30, 30, 20, 30, 20, 20, 20, 20, 20, 20, 30, 30, 30, 20, 20, 20, 20, 20, 20, 30, 20, 20, 20, 20, 20, 21, 30, 20, 30, 20, 20, 20, 20, 20, 20, 20, 20, 20, 30, 30, 20, 20, 20, 20, 20, 30, 20, 20, 20, 20, 30, 20, 20, 20, 30, 30, 30, 20, 20, 20, 20, 20, 20, 20, 20, 20, 20, }

ll pshb run of 20000 elements got times = {30, 20, 20, 20, 20, 20, 20, 20, 20, 20, 31, 20, 20, 20, 20, 20, 30, 20, 20, 30, 20, 20, 20, 30, 30, 20, 20, 20, 20, 20, 20, 20, 20, 20, 20, 20, 31, 20, 20, 20, 30, 20, 20, 20, 20, 30, 30, 20, 20, 20, 21, 20, 20, 20, 20, 30, 30, 21, 20, 20, 31, 30, 20, 20, 20, 30, 20, 30, 30, 20, 20, 20, 30, 20, 20, 30, 20, 20, 20, 20, 20, 20, 30, 20, 30, 20, 20, 30, 20, 30, 20, 20, 20, 30, 20, 20, 31, 30, 30, 20, }

ll pshb run of 25000 elements got times = {40, 20, 20, 20, 20, 20, 20, 30, 30, 30, 20, 20, 20, 31, 20, 20, 20, 20, 31, 20, 30, 20, 30, 30, 20, 20, 20, 30, 20, 30, 21, 20, 20, 30, 21, 20, 20, 31, 20, 20, 20, 30, 20, 30, 20, 20, 20, 30, 20, 20, 21, 30, 20, 30, 20, 30, 30, 20, 20, 20, 20, 20, 30, 20, 31, 30, 20, 30, 30, 30, 21, 30, 20, 31, 30, 30, 20, 20, 20, 31, 30, 20, 20, 20, 20, 20, 30, 30, 20, 20, 20, 20, 20, 20, 20, 30, 20, 30, 20, 20, }

ll pshb run of 30000 elements got times = {20, 20, 20, 20, 20, 30, 30, 30, 30, 20, 21, 20, 30, 30, 20, 30, 20, 30, 20, 20, 20, 20, 30, 20, 20, 30, 20, 20, 20, 20, 20, 20, 20, 30, 20, 20, 20, 30, 20, 20, 30, 20, 20, 20, 20, 20, 30, 20, 20, 20, 20, 20, 20, 30, 20, 20, 21, 20, 20, 20, 20, 30, 20, 20, 20, 30, 20, 20, 20, 30, 30, 20, 30, 20, 30, 20, 21, 20, 20, 30, 31, 30, 21, 20, 30, 30, 20, 30, 30, 20, 30, 30, 20, 20, 20, 20, 21, 21, 30, 30, }

ll pshb run of 35000 elements got times = {30, 20, 30, 20, 30, 30, 30, 20, 20, 30, 20, 30, 20, 20, 20, 30, 20, 20, 20, 20, 20, 20, 20, 20, 30, 20, 20, 20, 30, 20, 21, 20, 30, 20, 20, 30, 20, 20, 20, 20, 20, 30, 30, 20, 20, 20, 20, 30, 30, 30, 20, 20, 30, 20, 20, 20, 20, 20, 30, 20, 20, 20, 30, 30, 20, 20, 30, 30, 30, 30, 20, 20, 20, 20, 20, 30, 30, 20, 30, 20, 20, 30, 20, 20, 20, 20, 20, 30, 20, 20, 30, 20, 20, 20, 31, 20, 20, 20, 30, 30, }

ll pshb run of 40000 elements got times = {30, 20, 20, 20, 20, 30, 30, 20, 20, 30, 30, 20, 20, 20, 30, 20, 20, 20, 20, 30, 30, 30, 20, 30, 20, 20, 31, 20, 30, 20, 20, 20, 30, 20, 20, 30, 31, 20, 30, 30, 30, 30, 30, 30, 30, 30, 20, 30, 30, 30, 20, 20, 20, 20, 20, 30, 30, 30, 20, 30, 20, 20, 30, 20, 20, 30, 30, 20, 20, 30, 30, 20, 20, 20, 20, 20, 20, 30, 20, 20, 20, 20, 20, 30, 20, 20, 30, 30, 30, 21, 20, 30, 20, 30, 30, 20, 20, 20, 20, 20, }

ll pshb run of 45000 elements got times = {30, 20, 20, 20, 30, 30, 20, 20, 21, 20, 30, 20, 20, 20, 20, 20, 20, 20, 20, 20, 30, 30, 20, 20, 20, 20, 30, 20, 30, 20, 20, 20, 20, 20, 30, 30, 20, 20, 30, 30, 20, 20, 20, 20, 30, 20, 20, 30, 20, 20, 30, 20, 20, 30, 20, 20, 20, 20, 20, 30, 20, 20, 20, 30, 20, 21, 20, 20, 20, 30, 20, 30, 20, 30, 30, 30, 20, 30, 20, 20, 20, 20, 20, 20, 20, 30, 20, 20, 20, 30, 20, 20, 20, 20, 20, 20, 21, 30, 20, 20, }

ll pshb run of 50000 elements got times = {41, 30, 20, 20, 20, 20, 30, 20, 30, 20, 20, 30, 30, 31, 20, 30, 20, 20, 20, 30, 20, 20, 20, 30, 20, 20, 30, 20, 20, 20, 20, 20, 20, 20, 20, 20, 20, 20, 30, 20, 20, 20, 20, 30, 20, 20, 20, 30, 20, 30, 20, 30, 30, 20, 20, 20, 30, 20, 20, 31, 20, 30, 20, 31, 30, 30, 30, 20, 20, 20, 20, 20, 20, 30, 20, 30, 20, 30, 30, 20, 20, 30, 30, 20, 20, 20, 20, 20, 20, 20, 20, 20, 30, 30, 20, 20, 20, 30, 20, 20, }

ll pshb run of 55000 elements got times = {40, 20, 30, 20, 21, 20, 20, 20, 20, 30, 30, 30, 20, 20, 20, 20, 20, 30, 20, 30, 30, 20, 30, 30, 20, 20, 30, 30, 20, 30, 30, 30, 20, 30, 20, 20, 20, 20, 30, 20, 30, 20, 20, 20, 20, 20, 30, 31, 20, 20, 30, 30, 20, 30, 20, 30, 20, 20, 20, 20, 30, 30, 30, 20, 30, 20, 30, 30, 30, 20, 20, 20, 20, 20, 20, 20, 31, 20, 20, 20, 30, 20, 20, 30, 20, 30, 30, 30, 20, 31, 20, 30, 30, 20, 30, 20, 30, 20, 20, 20, }

ll pshb run of 60000 elements got times = {30, 21, 20, 20, 30, 20, 30, 31, 20, 30, 30, 20, 30, 30, 31, 20, 20, 20, 20, 30, 30, 30, 30, 30, 30, 20, 30, 20, 30, 20, 30, 20, 30, 20, 30, 30, 20, 30, 30, 20, 20, 20, 31, 31, 30, 20, 20, 30, 20, 20, 31, 20, 20, 30, 20, 20, 20, 30, 30, 30, 20, 20, 20, 30, 20, 20, 30, 30, 20, 30, 30, 20, 30, 20, 30, 31, 30, 30, 30, 30, 20, 20, 20, 30, 20, 20, 20, 20, 30, 20, 20, 30, 30, 30, 30, 30, 20, 30, 20, 30, }

ll pshb run of 65000 elements got times = {30, 20, 31, 20, 20, 20, 20, 20, 30, 21, 20, 20, 30, 30, 20, 20, 20, 20, 20, 20, 30, 20, 30, 20, 31, 30, 30, 30, 20, 31, 20, 20, 30, 30, 20, 20, 20, 21, 20, 20, 31, 20, 20, 20, 30, 30, 30, 20, 30, 20, 20, 30, 30, 20, 20, 20, 30, 20, 20, 20, 20, 30, 20, 20, 30, 20, 30, 20, 21, 20, 20, 20, 20, 30, 20, 20, 20, 21, 20, 30, 30, 20, 30, 30, 30, 30, 30, 30, 30, 30, 30, 20, 21, 20, 20, 30, 30, 20, 20, 30, }

ll pshb run of 70000 elements got times = {30, 20, 20, 20, 20, 20, 20, 20, 20, 20, 20, 20, 20, 20, 30, 21, 20, 20, 20, 30, 20, 30, 30, 20, 20, 20, 20, 20, 30, 20, 20, 30, 30, 20, 21, 20, 20, 20, 31, 20, 20, 20, 30, 30, 20, 30, 20, 20, 30, 20, 20, 21, 20, 30, 20, 30, 20, 20, 20, 30, 20, 21, 20, 30, 30, 30, 20, 30, 20, 30, 21, 20, 20, 20, 30, 31, 20, 30, 30, 30, 30, 30, 20, 20, 20, 30, 30, 20, 20, 20, 30, 20, 20, 20, 30, 20, 30, 20, 20, 30, }

ll pshb run of 75000 elements got times = {30, 20, 20, 20, 30, 20, 20, 30, 20, 20, 20, 30, 20, 20, 30, 20, 20, 30, 20, 20, 21, 20, 30, 20, 31, 20, 20, 30, 20, 20, 20, 20, 21, 31, 20, 20, 20, 20, 30, 20, 20, 20, 20, 20, 20, 20, 20, 20, 20, 30, 20, 20, 20, 20, 20, 20, 20, 20, 30, 30, 20, 20, 20, 20, 20, 20, 20, 20, 20, 20, 20, 20, 30, 20, 20, 20, 30, 20, 30, 20, 20, 30, 30, 20, 20, 30, 31, 20, 20, 20, 20, 20, 20, 20, 20, 20, 20, 30, 20, 30, }

ll pshb run of 80000 elements got times = {30, 20, 20, 20, 20, 30, 20, 20, 20, 30, 20, 30, 20, 20, 20, 30, 20, 30, 20, 20, 30, 30, 30, 30, 20, 20, 30, 30, 30, 20, 30, 30, 30, 31, 30, 20, 30, 30, 20, 30, 20, 30, 20, 30, 20, 30, 20, 20, 30, 20, 30, 20, 30, 31, 30, 20, 20, 20, 20, 30, 20, 30, 20, 20, 30, 20, 20, 30, 30, 20, 31, 20, 30, 30, 30, 20, 20, 20, 20, 20, 20, 30, 20, 20, 30, 20, 20, 30, 20, 20, 30, 30, 20, 30, 20, 30, 20, 40, 40, 30, }

ll pshb run of 85000 elements got times = {30, 20, 20, 20, 20, 20, 20, 30, 20, 20, 30, 30, 20, 20, 20, 20, 30, 20, 30, 30, 20, 30, 30, 20, 20, 20, 30, 20, 30, 20, 20, 20, 20, 30, 20, 20, 30, 30, 20, 20, 30, 20, 20, 30, 20, 20, 30, 20, 20, 20, 30, 20, 20, 21, 20, 20, 30, 20, 30, 30, 20, 20, 20, 20, 20, 30, 30, 20, 30, 30, 20, 20, 20, 30, 20, 30, 20, 21, 20, 20, 30, 30, 20, 20, 20, 30, 20, 20, 20, 30, 30, 20, 30, 20, 30, 20, 30, 30, 30, 20, }

ll pshb run of 90000 elements got times = {30, 20, 20, 30, 30, 20, 30, 30, 20, 20, 20, 20, 20, 20, 20, 30, 20, 20, 20, 20, 20, 20, 20, 20, 30, 30, 20, 20, 20, 20, 20, 30, 20, 20, 31, 30, 30, 30, 20, 30, 20, 20, 20, 30, 20, 30, 30, 20, 30, 20, 30, 20, 20, 20, 30, 20, 30, 31, 30, 30, 20, 30, 20, 30, 20, 20, 20, 20, 20, 30, 20, 30, 20, 20, 20, 30, 21, 20, 20, 20, 20, 20, 20, 20, 20, 30, 20, 20, 20, 30, 20, 30, 30, 31, 20, 30, 20, 20, 20, 20, }

ll pshb run of 95000 elements got times = {30, 30, 20, 30, 30, 30, 30, 20, 20, 20, 20, 30, 20, 20, 20, 20, 20, 20, 20, 20, 20, 30, 31, 20, 20, 30, 20, 30, 20, 20, 20, 20, 20, 20, 30, 30, 20, 20, 20, 20, 30, 20, 20, 20, 30, 30, 20, 30, 20, 20, 20, 20, 20, 20, 20, 20, 20, 30, 30, 30, 20, 30, 30, 30, 30, 30, 30, 20, 20, 20, 20, 20, 20, 30, 20, 20, 20, 30, 20, 30, 21, 20, 20, 30, 20, 20, 20, 30, 30, 20, 20, 20, 20, 21, 30, 20, 30, 30, 30, 20, }

ll pshb run of 100000 elements got times = {30, 30, 20, 20, 20, 20, 31, 20, 30, 20, 20, 30, 30, 20, 20, 20, 30, 20, 30, 20, 30, 20, 20, 20, 20, 30, 20, 30, 20, 20, 30, 20, 30, 20, 30, 20, 20, 20, 30, 30, 20, 20, 20, 30, 20, 20, 20, 20, 30, 20, 20, 30, 31, 20, 20, 20, 30, 20, 30, 20, 21, 20, 30, 20, 20, 20, 20, 30, 30, 30, 20, 20, 31, 20, 30, 20, 30, 20, 20, 30, 20, 30, 30, 20, 20, 30, 30, 20, 20, 20, 30, 20, 20, 20, 30, 30, 30, 30, 20, 20, }

ll pshf run of 5000 elements got times = {20, 20, 20, 20, 20, 20, 20, 20, 20, 20, 30, 20, 20, 20, 21, 30, 20, 20, 20, 21, 20, 30, 20, 20, 30, 20, 20, 20, 20, 20, 30, 30, 30, 20, 20, 20, 20, 30, 20, 20, 20, 20, 30, 20, 30, 20, 20, 20, 20, 20, 20, 20, 20, 20, 30, 20, 30, 20, 20, 20, 20, 20, 20, 20, 20, 30, 20, 20, 20, 20, 20, 30, 20, 20, 20, 20, 30, 20, 30, 20, 30, 20, 30, 20, 20, 20, 30, 20, 20, 20, 20, 20, 20, 20, 20, 20, 30, 20, 20, 21, }

ll pshf run of 10000 elements got times = {20, 20, 20, 20, 20, 20, 30, 20, 30, 20, 30, 30, 20, 20, 30, 30, 30, 20, 20, 20, 20, 20, 20, 20, 20, 20, 20, 20, 30, 30, 20, 20, 20, 20, 20, 30, 20, 20, 20, 20, 20, 20, 20, 20, 30, 21, 30, 20, 20, 20, 20, 20, 21, 20, 20, 20, 21, 20, 20, 30, 30, 20, 30, 20, 20, 20, 20, 30, 20, 30, 20, 20, 20, 20, 20, 20, 20, 20, 30, 20, 20, 20, 20, 20, 30, 20, 30, 20, 20, 20, 21, 30, 20, 20, 20, 30, 20, 20, 20, 20, }

ll pshf run of 15000 elements got times = {20, 20, 30, 20, 21, 20, 30, 30, 20, 30, 20, 20, 30, 30, 31, 20, 20, 20, 20, 30, 30, 20, 20, 30, 20, 20, 30, 30, 20, 20, 20, 20, 30, 20, 30, 20, 20, 20, 20, 30, 20, 30, 20, 20, 20, 30, 20, 20, 30, 20, 30, 20, 20, 20, 20, 30, 20, 20, 30, 20, 20, 30, 20, 20, 20, 20, 20, 20, 20, 20, 20, 20, 20, 30, 20, 20, 20, 20, 20, 20, 20, 20, 30, 20, 20, 30, 20, 20, 20, 30, 30, 20, 30, 30, 30, 20, 20, 20, 20, 30, }

ll pshf run of 20000 elements got times = {20, 20, 20, 20, 20, 20, 30, 20, 20, 20, 30, 20, 20, 20, 20, 20, 20, 20, 30, 20, 30, 20, 20, 20, 30, 20, 20, 20, 20, 20, 20, 20, 20, 20, 30, 20, 30, 20, 30, 20, 30, 20, 20, 20, 20, 20, 30, 21, 30, 20, 20, 20, 20, 20, 20, 20, 30, 20, 20, 20, 20, 30, 20, 20, 30, 20, 20, 30, 30, 20, 20, 30, 20, 21, 20, 20, 20, 20, 20, 30, 30, 20, 20, 20, 20, 20, 30, 20, 20, 20, 30, 20, 30, 20, 20, 20, 20, 20, 20, 20, }

ll pshf run of 25000 elements got times = {30, 20, 20, 20, 20, 20, 20, 20, 20, 30, 30, 20, 20, 20, 20, 20, 20, 20, 20, 20, 20, 20, 20, 20, 20, 30, 20, 20, 20, 20, 20, 31, 30, 30, 30, 20, 20, 30, 20, 20, 31, 30, 30, 20, 20, 30, 20, 20, 20, 30, 20, 30, 20, 30, 30, 20, 20, 30, 20, 20, 20, 20, 20, 30, 20, 20, 30, 30, 20, 30, 30, 20, 30, 20, 20, 20, 30, 20, 20, 30, 30, 20, 30, 20, 20, 30, 20, 30, 20, 20, 20, 20, 30, 20, 20, 30, 20, 30, 30, 20, }

ll pshf run of 30000 elements got times = {20, 30, 20, 20, 20, 30, 30, 20, 20, 20, 20, 20, 30, 20, 30, 30, 20, 20, 20, 21, 20, 20, 30, 21, 30, 20, 20, 30, 20, 20, 30, 20, 30, 20, 20, 20, 20, 20, 20, 20, 20, 20, 20, 20, 20, 30, 20, 20, 30, 20, 20, 30, 30, 20, 30, 30, 30, 20, 20, 30, 20, 20, 20, 30, 30, 20, 20, 21, 20, 20, 20, 30, 30, 30, 30, 20, 20, 20, 20, 20, 30, 30, 30, 20, 20, 20, 30, 31, 20, 20, 30, 30, 20, 20, 20, 20, 20, 30, 20, 30, }

ll pshf run of 35000 elements got times = {30, 20, 30, 20, 30, 20, 20, 20, 30, 30, 20, 30, 30, 20, 20, 20, 30, 30, 30, 20, 20, 30, 30, 20, 20, 20, 20, 30, 20, 20, 20, 20, 20, 20, 30, 20, 20, 20, 20, 21, 20, 20, 20, 20, 30, 30, 20, 30, 20, 20, 20, 30, 30, 30, 30, 20, 20, 30, 30, 30, 20, 20, 20, 20, 20, 30, 21, 30, 20, 30, 30, 20, 30, 30, 20, 30, 20, 20, 20, 20, 20, 20, 30, 20, 20, 20, 20, 30, 20, 30, 20, 20, 21, 30, 20, 20, 20, 30, 30, 20, }

ll pshf run of 40000 elements got times = {30, 30, 20, 30, 20, 20, 30, 30, 30, 30, 21, 20, 20, 20, 20, 20, 20, 30, 20, 20, 20, 20, 20, 30, 20, 30, 30, 20, 20, 30, 20, 30, 20, 30, 20, 30, 21, 30, 20, 21, 20, 20, 20, 20, 30, 20, 20, 20, 30, 20, 30, 20, 20, 20, 20, 30, 31, 20, 20, 20, 20, 20, 30, 20, 30, 20, 30, 30, 20, 20, 30, 30, 20, 30, 20, 20, 20, 20, 20, 20, 20, 20, 20, 30, 20, 401, 20, 30, 30, 20, 20, 30, 20, 20, 20, 30, 20, 20, 30, 30, }

ll pshf run of 45000 elements got times = {20, 30, 20, 20, 20, 20, 20, 20, 20, 20, 20, 20, 20, 30, 30, 20, 20, 30, 20, 30, 20, 21, 20, 30, 20, 21, 20, 20, 20, 20, 30, 20, 30, 30, 30, 20, 20, 30, 20, 30, 20, 30, 20, 20, 20, 30, 20, 20, 20, 20, 20, 30, 20, 30, 20, 21, 30, 20, 20, 30, 20, 20, 20, 20, 20, 30, 20, 20, 20, 31, 20, 20, 20, 20, 20, 30, 20, 20, 20, 20, 20, 30, 20, 30, 20, 20, 20, 20, 20, 30, 30, 30, 20, 30, 20, 20, 20, 30, 20, 20, }

ll pshf run of 50000 elements got times = {20, 30, 30, 20, 20, 20, 20, 20, 20, 20, 20, 30, 20, 21, 20, 30, 30, 30, 20, 20, 20, 20, 20, 20, 20, 20, 20, 30, 20, 20, 20, 20, 20, 20, 30, 20, 30, 20, 20, 30, 30, 20, 20, 30, 20, 20, 31, 30, 20, 20, 20, 30, 20, 20, 20, 20, 20, 20, 20, 30, 20, 31, 20, 20, 20, 30, 30, 20, 20, 20, 20, 20, 20, 21, 30, 20, 20, 20, 20, 20, 30, 20, 20, 20, 20, 20, 20, 20, 20, 20, 20, 20, 20, 30, 20, 20, 20, 30, 20, 20, }

ll pshf run of 55000 elements got times = {20, 30, 30, 20, 30, 20, 20, 20, 30, 20, 20, 20, 20, 30, 20, 30, 30, 20, 20, 20, 20, 20, 20, 20, 20, 20, 20, 30, 20, 20, 30, 20, 20, 20, 20, 30, 20, 20, 20, 30, 20, 30, 20, 31, 20, 30, 20, 30, 20, 20, 20, 30, 20, 20, 30, 21, 20, 20, 20, 20, 30, 30, 30, 20, 20, 20, 20, 30, 30, 30, 20, 30, 20, 30, 21, 20, 20, 20, 30, 20, 20, 20, 30, 30, 30, 30, 20, 30, 30, 20, 20, 30, 20, 20, 20, 20, 20, 20, 30, 20, }

ll pshf run of 60000 elements got times = {20, 20, 20, 30, 20, 20, 20, 20, 20, 20, 20, 30, 20, 30, 30, 20, 20, 21, 30, 20, 20, 20, 20, 30, 20, 20, 20, 20, 20, 30, 30, 20, 30, 20, 30, 20, 20, 20, 30, 20, 30, 30, 20, 30, 30, 20, 30, 20, 20, 20, 20, 20, 30, 20, 20, 20, 20, 31, 30, 20, 30, 20, 20, 20, 30, 20, 20, 30, 30, 20, 30, 20, 20, 20, 20, 20, 30, 20, 20, 30, 30, 30, 30, 30, 20, 20, 30, 20, 30, 30, 30, 20, 21, 20, 20, 20, 20, 30, 20, 21, }

ll pshf run of 65000 elements got times = {30, 20, 30, 20, 20, 20, 20, 20, 30, 31, 30, 20, 20, 30, 30, 30, 30, 31, 30, 20, 20, 30, 20, 20, 20, 30, 20, 20, 21, 20, 20, 20, 20, 30, 30, 20, 20, 30, 20, 20, 20, 30, 20, 30, 20, 30, 20, 20, 20, 20, 30, 21, 30, 30, 20, 20, 20, 21, 30, 21, 30, 30, 30, 20, 20, 30, 31, 20, 20, 30, 20, 20, 31, 20, 30, 20, 20, 20, 30, 20, 30, 20, 20, 30, 20, 20, 31, 20, 20, 20, 20, 21, 30, 20, 20, 20, 20, 30, 30, 20, }

ll pshf run of 70000 elements got times = {20, 30, 20, 30, 20, 20, 30, 30, 30, 20, 20, 20, 20, 30, 30, 20, 20, 30, 20, 20, 20, 20, 20, 20, 20, 30, 30, 30, 30, 20, 30, 20, 20, 30, 30, 30, 20, 20, 30, 30, 20, 30, 20, 20, 20, 30, 20, 20, 30, 30, 30, 20, 30, 20, 20, 30, 20, 30, 20, 20, 20, 20, 20, 20, 20, 30, 20, 20, 20, 20, 20, 20, 20, 30, 20, 41, 20, 20, 30, 20, 20, 20, 30, 20, 40, 20, 20, 20, 20, 20, 20, 30, 40, 30, 20, 20, 20, 30, 30, 20, }

ll pshf run of 75000 elements got times = {20, 20, 30, 20, 20, 20, 20, 20, 30, 20, 20, 30, 20, 20, 20, 20, 20, 20, 20, 20, 20, 20, 20, 30, 20, 20, 20, 20, 20, 30, 20, 20, 20, 20, 21, 20, 20, 20, 20, 20, 20, 20, 20, 20, 30, 20, 20, 20, 20, 30, 30, 20, 30, 20, 20, 30, 20, 20, 20, 30, 20, 20, 20, 30, 30, 20, 20, 20, 20, 20, 20, 20, 30, 20, 20, 20, 20, 30, 20, 20, 20, 30, 20, 20, 21, 20, 30, 30, 20, 20, 20, 20, 20, 20, 30, 20, 20, 20, 20, 20, }

ll pshf run of 80000 elements got times = {31, 20, 20, 30, 20, 30, 20, 20, 20, 20, 20, 30, 20, 20, 21, 20, 20, 20, 30, 20, 20, 20, 30, 20, 20, 20, 20, 30, 30, 30, 20, 20, 20, 30, 30, 20, 20, 20, 31, 20, 20, 20, 20, 20, 30, 20, 20, 20, 20, 30, 20, 21, 20, 21, 20, 20, 20, 20, 20, 20, 30, 20, 30, 30, 20, 20, 30, 30, 30, 30, 20, 30, 20, 20, 30, 30, 20, 30, 20, 20, 20, 20, 20, 20, 20, 20, 30, 20, 30, 20, 30, 20, 30, 20, 30, 20, 20, 20, 20, 20, }

ll pshf run of 85000 elements got times = {20, 20, 20, 20, 30, 20, 20, 20, 20, 20, 30, 20, 20, 20, 20, 30, 20, 20, 20, 30, 20, 20, 20, 20, 20, 20, 20, 30, 20, 20, 20, 20, 20, 20, 20, 20, 30, 21, 30, 20, 20, 20, 20, 20, 20, 30, 20, 30, 20, 20, 30, 20, 20, 30, 20, 20, 20, 20, 20, 20, 20, 21, 20, 20, 30, 20, 20, 30, 20, 20, 20, 20, 20, 20, 20, 20, 20, 20, 20, 20, 20, 30, 21, 20, 20, 20, 30, 20, 20, 20, 30, 20, 20, 20, 20, 20, 30, 30, 20, 20, }

ll pshf run of 90000 elements got times = {20, 20, 30, 20, 30, 20, 30, 20, 20, 20, 30, 20, 20, 20, 30, 30, 21, 20, 30, 30, 30, 20, 30, 20, 20, 20, 20, 20, 30, 20, 20, 20, 30, 30, 20, 20, 20, 20, 30, 30, 20, 20, 30, 20, 20, 20, 20, 20, 30, 20, 20, 20, 20, 31, 30, 20, 20, 20, 30, 20, 20, 20, 20, 31, 20, 20, 30, 20, 20, 20, 21, 20, 20, 20, 20, 20, 20, 30, 30, 20, 30, 20, 20, 20, 20, 20, 20, 30, 30, 20, 20, 20, 20, 20, 20, 30, 20, 20, 20, 20, }

ll pshf run of 95000 elements got times = {20, 30, 20, 20, 20, 20, 20, 20, 20, 20, 30, 20, 30, 20, 30, 20, 30, 30, 21, 20, 30, 20, 20, 30, 20, 21, 20, 30, 20, 20, 20, 20, 20, 30, 30, 20, 30, 20, 20, 20, 30, 30, 20, 20, 20, 20, 20, 21, 20, 30, 30, 30, 20, 20, 20, 20, 20, 20, 20, 20, 20, 20, 30, 20, 30, 20, 20, 20, 30, 20, 20, 20, 30, 20, 20, 30, 20, 20, 20, 30, 20, 20, 20, 20, 20, 30, 20, 20, 20, 20, 20, 20, 30, 20, 20, 30, 20, 20, 30, 30, }

ll pshf run of 100000 elements got times = {30, 20, 21, 20, 20, 20, 20, 30, 20, 20, 30, 20, 20, 20, 30, 30, 20, 30, 20, 20, 20, 20, 20, 20, 30, 20, 30, 20, 30, 20, 20, 20, 20, 20, 20, 30, 30, 20, 20, 20, 20, 30, 20, 20, 20, 20, 31, 30, 20, 20, 20, 30, 20, 20, 30, 20, 30, 20, 20, 20, 20, 30, 30, 20, 20, 20, 20, 30, 20, 20, 20, 20, 21, 31, 20, 20, 20, 20, 20, 20, 20, 20, 30, 20, 30, 20, 20, 30, 20, 20, 30, 20, 30, 20, 20, 30, 20, 20, 20, 30, }

ll popb run of 5000 elements got times = {40, 21, 20, 20, 20, 20, 30, 20, 20, 30, 20, 30, 20, 20, 20, 20, 20, 20, 30, 20, 30, 30, 30, 20, 20, 30, 20, 20, 30, 20, 20, 20, 20, 20, 20, 20, 20, 20, 30, 30, 30, 30, 20, 30, 30, 30, 20, 30, 20, 20, 20, 20, 20, 30, 20, 20, 20, 20, 20, 20, 30, 30, 20, 30, 20, 20, 20, 30, 21, 20, 30, 21, 20, 20, 20, 30, 20, 20, 20, 20, 20, 20, 20, 20, 20, 20, 20, 20, 20, 20, 20, 30, 20, 20, 20, 20, 20, 20, 20, 30, }

ll popb run of 10000 elements got times = {30, 21, 20, 20, 20, 20, 20, 20, 20, 20, 20, 20, 20, 70, 20, 20, 20, 20, 30, 20, 20, 20, 30, 30, 30, 20, 20, 30, 20, 20, 30, 30, 30, 30, 20, 30, 20, 30, 20, 20, 30, 20, 20, 20, 30, 20, 20, 21, 30, 30, 31, 30, 20, 20, 20, 20, 20, 20, 30, 30, 30, 20, 20, 20, 20, 20, 20, 20, 20, 20, 20, 30, 20, 20, 20, 20, 20, 30, 30, 30, 20, 20, 30, 21, 20, 30, 20, 30, 20, 20, 20, 20, 30, 30, 20, 30, 30, 30, 20, 20, }

ll popb run of 15000 elements got times = {30, 30, 30, 31, 30, 30, 30, 21, 30, 30, 31, 30, 31, 30, 40, 40, 30, 30, 30, 30, 20, 30, 30, 30, 30, 30, 30, 30, 30, 30, 30, 30, 30, 30, 20, 30, 20, 41, 30, 20, 30, 20, 30, 30, 30, 30, 30, 20, 30, 30, 30, 30, 30, 30, 30, 30, 30, 30, 30, 30, 30, 30, 30, 30, 30, 30, 30, 20, 30, 30, 30, 30, 30, 30, 20, 30, 30, 30, 30, 30, 30, 30, 30, 30, 30, 40, 30, 30, 30, 20, 30, 30, 30, 30, 30, 20, 20, 30, 30, 20, }

ll popb run of 20000 elements got times = {30, 30, 30, 41, 30, 40, 30, 40, 30, 40, 30, 40, 30, 30, 30, 30, 40, 30, 40, 30, 40, 40, 31, 30, 30, 41, 30, 30, 40, 40, 40, 40, 30, 30, 30, 30, 40, 41, 30, 40, 30, 30, 30, 40, 40, 40, 40, 40, 30, 30, 40, 30, 40, 41, 40, 40, 40, 40, 30, 30, 30, 30, 41, 40, 40, 40, 30, 40, 30, 30, 30, 40, 30, 30, 30, 30, 40, 30, 41, 40, 40, 30, 40, 30, 40, 30, 40, 40, 30, 30, 40, 40, 40, 40, 40, 40, 20, 40, 30, 30, }

ll popb run of 25000 elements got times = {40, 30, 30, 40, 30, 40, 30, 30, 40, 40, 40, 40, 40, 30, 30, 30, 40, 30, 40, 41, 30, 40, 40, 40, 30, 30, 40, 31, 30, 40, 40, 40, 40, 40, 30, 40, 30, 40, 40, 40, 30, 30, 30, 40, 40, 41, 31, 30, 30, 40, 40, 30, 30, 40, 40, 30, 40, 30, 40, 40, 30, 30, 30, 40, 40, 40, 40, 40, 30, 30, 40, 41, 30, 40, 30, 40, 40, 30, 40, 40, 40, 40, 30, 40, 40, 40, 40, 30, 30, 30, 41, 40, 30, 40, 30, 40, 30, 30, 40, 40, }

ll popb run of 30000 elements got times = {40, 30, 40, 40, 40, 30, 40, 30, 40, 30, 30, 30, 30, 30, 30, 40, 30, 40, 40, 41, 30, 40, 41, 40, 30, 30, 40, 30, 30, 30, 30, 40, 40, 30, 40, 30, 40, 40, 40, 40, 30, 30, 40, 40, 40, 40, 40, 30, 40, 41, 30, 40, 30, 40, 40, 30, 40, 30, 40, 40, 30, 40, 30, 30, 30, 40, 30, 40, 40, 30, 31, 40, 30, 30, 30, 30, 40, 40, 30, 40, 40, 30, 30, 40, 30, 30, 40, 40, 40, 40, 30, 30, 40, 30, 40, 41, 40, 30, 30, 30, }

ll popb run of 35000 elements got times = {40, 40, 40, 30, 40, 40, 40, 40, 30, 40, 30, 40, 40, 40, 40, 40, 40, 40, 41, 40, 30, 30, 30, 40, 30, 40, 40, 30, 40, 30, 40, 40, 30, 30, 30, 40, 40, 40, 40, 40, 40, 41, 40, 40, 40, 40, 40, 40, 40, 40, 30, 30, 31, 41, 30, 40, 40, 40, 40, 41, 40, 30, 40, 40, 40, 40, 30, 40, 41, 40, 30, 40, 40, 41, 40, 40, 30, 30, 40, 40, 30, 40, 40, 40, 40, 40, 40, 40, 40, 40, 40, 31, 30, 40, 41, 40, 30, 41, 40, 30, }

ll popb run of 40000 elements got times = {30, 40, 40, 30, 30, 40, 41, 40, 30, 40, 30, 40, 40, 40, 40, 41, 40, 40, 40, 40, 40, 40, 40, 40, 41, 40, 40, 40, 30, 40, 40, 40, 40, 40, 40, 40, 40, 40, 30, 40, 30, 40, 40, 40, 40, 30, 40, 40, 40, 30, 40, 40, 40, 40, 40, 30, 40, 40, 40, 40, 40, 40, 30, 30, 30, 40, 41, 40, 40, 40, 40, 30, 40, 40, 40, 30, 40, 41, 40, 30, 40, 40, 41, 30, 31, 40, 40, 40, 40, 30, 30, 30, 40, 40, 40, 40, 40, 30, 40, 30, }

ll popb run of 45000 elements got times = {30, 41, 40, 40, 40, 40, 40, 40, 30, 30, 30, 40, 40, 40, 41, 30, 40, 40, 41, 40, 30, 40, 40, 40, 40, 30, 40, 30, 41, 40, 40, 40, 40, 30, 40, 40, 40, 40, 40, 40, 41, 40, 40, 40, 40, 40, 40, 41, 40, 40, 40, 40, 30, 41, 40, 30, 40, 40, 40, 40, 40, 40, 40, 41, 30, 40, 40, 41, 30, 30, 41, 30, 40, 40, 30, 30, 30, 40, 40, 40, 40, 30, 40, 40, 40, 40, 40, 40, 40, 40, 40, 30, 40, 40, 40, 40, 40, 40, 40, 30, }

ll popb run of 50000 elements got times = {40, 40, 40, 40, 61, 40, 31, 40, 40, 40, 40, 40, 41, 30, 40, 40, 40, 40, 40, 40, 30, 40, 40, 40, 40, 40, 40, 40, 30, 30, 30, 40, 40, 40, 40, 40, 40, 40, 30, 40, 40, 40, 30, 40, 41, 40, 40, 40, 40, 40, 40, 40, 40, 30, 40, 30, 30, 41, 40, 41, 30, 41, 40, 40, 40, 40, 40, 40, 40, 40, 40, 40, 40, 40, 40, 40, 40, 40, 41, 40, 40, 40, 30, 40, 40, 40, 40, 40, 40, 41, 40, 40, 30, 41, 30, 30, 40, 40, 40, 30, }

ll popb run of 55000 elements got times = {40, 40, 40, 30, 40, 40, 40, 40, 40, 30, 40, 30, 30, 40, 40, 40, 30, 30, 40, 30, 30, 40, 40, 40, 40, 40, 30, 40, 40, 50, 30, 40, 40, 40, 40, 40, 40, 40, 30, 30, 40, 40, 40, 30, 41, 31, 40, 40, 40, 30, 40, 40, 40, 40, 40, 40, 40, 40, 40, 40, 40, 30, 40, 40, 40, 40, 40, 40, 30, 40, 30, 40, 40, 41, 40, 40, 40, 40, 40, 30, 40, 30, 40, 40, 30, 40, 40, 40, 40, 30, 30, 40, 40, 40, 40, 40, 40, 40, 40, 40, }

ll popb run of 60000 elements got times = {50, 31, 30, 30, 30, 30, 40, 40, 40, 30, 40, 40, 60, 30, 40, 40, 40, 40, 30, 40, 40, 40, 40, 40, 40, 40, 30, 40, 40, 30, 30, 40, 40, 40, 30, 30, 40, 40, 30, 40, 40, 40, 40, 40, 40, 30, 40, 40, 40, 40, 40, 30, 30, 40, 30, 41, 30, 30, 40, 70, 40, 40, 40, 40, 40, 40, 40, 40, 40, 40, 40, 40, 40, 30, 41, 40, 30, 40, 30, 40, 40, 30, 40, 40, 40, 40, 40, 30, 41, 40, 40, 40, 40, 30, 41, 40, 40, 40, 40, 40, }

ll popb run of 65000 elements got times = {40, 40, 40, 40, 40, 40, 40, 41, 30, 40, 41, 40, 40, 40, 40, 30, 40, 40, 40, 40, 30, 40, 40, 40, 30, 30, 41, 40, 40, 40, 40, 40, 40, 40, 40, 30, 40, 40, 40, 40, 30, 40, 40, 41, 40, 40, 40, 30, 30, 40, 30, 30, 40, 30, 30, 40, 40, 40, 30, 40, 40, 40, 30, 31, 40, 40, 40, 30, 40, 40, 40, 40, 30, 40, 31, 40, 40, 40, 30, 40, 40, 40, 40, 40, 40, 40, 40, 40, 40, 30, 40, 41, 40, 40, 40, 40, 40, 30, 40, 40, }

ll popb run of 70000 elements got times = {30, 40, 40, 40, 40, 40, 40, 40, 40, 40, 40, 40, 40, 30, 30, 30, 40, 40, 41, 30, 40, 40, 40, 40, 40, 30, 40, 41, 40, 30, 40, 40, 40, 40, 41, 40, 40, 40, 40, 40, 30, 40, 31, 30, 40, 30, 41, 40, 40, 40, 40, 30, 40, 40, 40, 40, 30, 40, 40, 30, 30, 40, 40, 40, 40, 40, 40, 30, 40, 40, 41, 41, 40, 40, 40, 40, 40, 40, 40, 40, 40, 40, 40, 40, 40, 40, 40, 30, 30, 40, 40, 30, 40, 40, 40, 40, 40, 40, 40, 40, }

ll popb run of 75000 elements got times = {40, 30, 30, 40, 40, 40, 40, 30, 40, 30, 40, 40, 40, 40, 40, 30, 40, 30, 40, 40, 30, 30, 40, 30, 40, 40, 40, 30, 30, 40, 40, 40, 40, 40, 30, 40, 40, 30, 40, 40, 40, 40, 41, 30, 40, 40, 40, 40, 30, 40, 40, 40, 30, 30, 40, 40, 40, 30, 40, 40, 40, 40, 30, 40, 41, 40, 40, 40, 40, 30, 40, 40, 40, 40, 30, 40, 40, 41, 30, 40, 40, 41, 40, 30, 40, 40, 40, 40, 30, 40, 40, 40, 40, 40, 40, 40, 40, 40, 60, 40, }

ll popb run of 80000 elements got times = {60, 40, 40, 30, 30, 31, 40, 30, 40, 60, 41, 40, 41, 150, 30, 40, 30, 41, 40, 30, 40, 40, 40, 40, 40, 40, 40, 40, 40, 40, 41, 40, 40, 41, 30, 40, 40, 40, 40, 40, 30, 40, 30, 40, 40, 40, 40, 40, 40, 30, 40, 40, 40, 40, 40, 40, 31, 30, 40, 40, 40, 30, 40, 40, 40, 40, 40, 30, 30, 40, 41, 40, 40, 40, 40, 40, 40, 40, 30, 30, 40, 40, 40, 40, 40, 30, 30, 40, 30, 40, 40, 40, 40, 40, 30, 30, 40, 30, 40, 40, }

ll popb run of 85000 elements got times = {30, 40, 60, 40, 30, 40, 30, 40, 40, 40, 40, 41, 40, 40, 40, 30, 40, 40, 40, 30, 40, 40, 40, 40, 40, 30, 40, 41, 30, 40, 41, 40, 41, 31, 30, 40, 41, 40, 40, 40, 40, 40, 40, 40, 30, 40, 40, 30, 40, 30, 40, 40, 30, 30, 40, 40, 30, 40, 40, 40, 41, 40, 40, 40, 41, 40, 40, 40, 40, 40, 40, 40, 40, 40, 30, 40, 30, 40, 40, 40, 40, 40, 40, 40, 40, 40, 40, 30, 30, 41, 30, 40, 30, 30, 30, 30, 30, 40, 40, 40, }

ll popb run of 90000 elements got times = {40, 30, 40, 40, 30, 40, 30, 40, 41, 40, 30, 30, 40, 40, 30, 40, 40, 30, 40, 40, 40, 40, 30, 40, 40, 41, 40, 40, 30, 40, 41, 40, 40, 40, 40, 40, 40, 40, 30, 40, 40, 30, 40, 40, 40, 40, 30, 40, 40, 30, 30, 40, 31, 40, 30, 40, 40, 40, 40, 40, 40, 40, 40, 40, 40, 40, 40, 40, 40, 40, 40, 40, 40, 40, 30, 41, 40, 40, 40, 40, 40, 40, 40, 40, 41, 40, 40, 40, 41, 40, 40, 30, 41, 40, 30, 40, 40, 101, 30, 40, }

ll popb run of 95000 elements got times = {40, 41, 40, 30, 40, 40, 40, 40, 40, 40, 40, 40, 60, 40, 40, 30, 40, 40, 40, 40, 40, 40, 40, 40, 40, 40, 30, 40, 40, 40, 40, 40, 41, 40, 30, 40, 40, 40, 30, 40, 40, 41, 40, 40, 40, 41, 40, 30, 40, 40, 40, 30, 40, 30, 40, 40, 40, 40, 30, 30, 40, 40, 40, 40, 40, 40, 40, 40, 40, 40, 40, 40, 40, 40, 30, 41, 40, 40, 40, 40, 40, 40, 40, 30, 30, 40, 40, 40, 41, 40, 40, 30, 40, 40, 30, 40, 40, 40, 30, 40, }

ll popb run of 100000 elements got times = {40, 30, 31, 40, 30, 30, 30, 40, 40, 40, 41, 40, 40, 40, 40, 30, 40, 40, 40, 30, 40, 30, 40, 30, 40, 40, 40, 40, 40, 30, 40, 40, 40, 30, 30, 30, 40, 40, 40, 40, 40, 40, 41, 40, 30, 40, 30, 40, 40, 30, 30, 40, 40, 40, 30, 40, 40, 30, 40, 40, 30, 40, 40, 40, 40, 30, 40, 40, 40, 40, 40, 31, 30, 31, 40, 40, 40, 30, 40, 40, 40, 30, 40, 40, 40, 40, 40, 40, 40, 40, 40, 30, 40, 31, 40, 30, 40, 40, 40, 30, }

ll popf run of 5000 elements got times = {30, 30, 20, 20, 20, 30, 20, 20, 20, 30, 30, 20, 20, 30, 20, 30, 20, 20, 20, 30, 30, 31, 20, 20, 30, 20, 20, 20, 30, 30, 20, 20, 20, 30, 20, 20, 20, 30, 20, 20, 20, 20, 20, 20, 20, 20, 30, 30, 20, 20, 30, 20, 20, 30, 20, 20, 20, 30, 20, 20, 30, 30, 20, 30, 20, 20, 20, 20, 30, 30, 20, 20, 20, 20, 30, 20, 30, 30, 21, 30, 30, 20, 20, 30, 30, 30, 20, 30, 30, 30, 20, 30, 20, 20, 20, 30, 30, 30, 20, 20, }

ll popf run of 10000 elements got times = {30, 30, 20, 20, 20, 20, 20, 21, 30, 20, 20, 20, 30, 20, 20, 20, 20, 20, 20, 20, 30, 20, 20, 30, 30, 20, 30, 20, 20, 20, 20, 20, 20, 20, 20, 20, 30, 20, 20, 21, 21, 30, 20, 20, 30, 30, 21, 20, 30, 30, 20, 30, 20, 20, 20, 20, 20, 20, 20, 20, 20, 20, 20, 20, 20, 20, 20, 20, 30, 30, 20, 20, 30, 20, 21, 30, 20, 20, 20, 20, 30, 30, 20, 30, 30, 20, 20, 20, 30, 20, 20, 20, 20, 30, 30, 20, 30, 30, 30, 30, }

ll popf run of 15000 elements got times = {40, 30, 30, 20, 30, 30, 30, 30, 30, 30, 21, 30, 30, 30, 30, 30, 20, 30, 30, 30, 30, 30, 30, 30, 30, 30, 30, 20, 31, 30, 20, 30, 30, 30, 30, 30, 30, 30, 30, 30, 30, 30, 30, 30, 30, 30, 30, 30, 30, 30, 20, 30, 30, 30, 30, 30, 30, 31, 30, 20, 30, 30, 20, 30, 20, 30, 30, 30, 30, 30, 30, 30, 30, 20, 30, 31, 30, 31, 30, 20, 30, 30, 30, 30, 30, 20, 20, 30, 31, 30, 30, 20, 30, 30, 30, 30, 30, 30, 20, 30, }

ll popf run of 20000 elements got times = {30, 30, 30, 40, 30, 30, 31, 30, 31, 40, 30, 40, 40, 30, 30, 40, 30, 40, 40, 40, 41, 40, 40, 30, 40, 40, 40, 30, 31, 30, 31, 30, 30, 31, 40, 40, 40, 40, 30, 30, 30, 30, 30, 40, 40, 40, 40, 30, 40, 40, 30, 40, 40, 41, 40, 30, 40, 40, 30, 41, 30, 30, 40, 40, 40, 40, 40, 40, 30, 31, 30, 30, 40, 40, 30, 40, 41, 40, 40, 40, 40, 30, 30, 30, 30, 30, 40, 40, 40, 30, 30, 30, 30, 30, 40, 40, 40, 40, 40, 40, }

ll popf run of 25000 elements got times = {30, 40, 40, 40, 40, 30, 30, 40, 40, 30, 40, 30, 40, 41, 40, 40, 30, 41, 41, 41, 40, 30, 30, 40, 40, 40, 30, 40, 30, 40, 40, 40, 30, 40, 40, 41, 40, 40, 40, 40, 40, 40, 40, 40, 40, 40, 41, 40, 40, 40, 40, 30, 40, 40, 40, 40, 40, 40, 30, 40, 40, 40, 31, 40, 30, 30, 40, 40, 40, 40, 40, 40, 40, 40, 40, 40, 40, 40, 40, 40, 40, 40, 40, 40, 30, 30, 50, 40, 30, 40, 40, 40, 40, 40, 30, 40, 40, 40, 40, 40, }

ll popf run of 30000 elements got times = {40, 30, 40, 40, 40, 30, 40, 40, 30, 40, 40, 41, 41, 40, 40, 40, 40, 40, 41, 30, 40, 40, 30, 40, 40, 30, 40, 40, 40, 30, 40, 30, 40, 40, 40, 30, 40, 40, 40, 30, 40, 30, 40, 40, 40, 40, 40, 40, 40, 40, 30, 40, 30, 40, 41, 30, 40, 40, 30, 40, 40, 30, 40, 30, 40, 40, 40, 30, 40, 40, 40, 40, 30, 40, 40, 41, 40, 40, 40, 40, 40, 30, 40, 40, 40, 40, 30, 40, 50, 30, 41, 40, 40, 41, 40, 40, 40, 30, 30, 40, }

ll popf run of 35000 elements got times = {31, 40, 30, 40, 30, 40, 40, 41, 41, 40, 40, 40, 40, 40, 40, 40, 40, 40, 40, 40, 30, 40, 30, 40, 40, 40, 30, 40, 40, 40, 41, 40, 40, 30, 40, 40, 30, 31, 40, 40, 30, 40, 40, 41, 40, 40, 40, 40, 40, 40, 40, 40, 30, 40, 40, 40, 41, 40, 40, 40, 30, 50, 40, 40, 40, 40, 40, 40, 30, 40, 40, 41, 41, 40, 40, 40, 40, 40, 40, 41, 40, 40, 40, 40, 40, 40, 40, 40, 41, 40, 41, 40, 40, 41, 40, 40, 41, 40, 40, 40, }

ll popf run of 40000 elements got times = {40, 40, 41, 40, 40, 40, 30, 40, 40, 40, 30, 40, 30, 40, 40, 41, 40, 40, 40, 30, 40, 41, 40, 40, 40, 40, 40, 41, 40, 40, 30, 40, 40, 40, 40, 40, 40, 40, 30, 40, 40, 40, 40, 40, 30, 40, 40, 40, 40, 40, 40, 40, 40, 50, 40, 40, 40, 40, 40, 40, 40, 40, 40, 40, 30, 40, 30, 40, 40, 40, 40, 40, 40, 40, 40, 40, 30, 40, 40, 40, 40, 40, 40, 40, 40, 40, 40, 40, 40, 40, 90, 40, 40, 40, 30, 40, 30, 40, 40, 40, }

ll popf run of 45000 elements got times = {40, 40, 30, 40, 40, 50, 40, 40, 30, 40, 40, 40, 40, 40, 40, 40, 40, 40, 40, 40, 30, 40, 40, 40, 40, 40, 40, 50, 50, 40, 40, 40, 40, 40, 40, 40, 41, 51, 40, 40, 40, 50, 40, 40, 30, 40, 30, 40, 40, 40, 40, 40, 41, 40, 30, 40, 30, 50, 30, 40, 41, 50, 40, 50, 40, 40, 30, 40, 40, 40, 40, 40, 40, 41, 30, 40, 40, 40, 30, 40, 40, 40, 40, 40, 31, 40, 41, 40, 40, 40, 41, 40, 30, 40, 40, 40, 40, 40, 30, 40, }

ll popf run of 50000 elements got times = {30, 40, 40, 40, 30, 40, 41, 40, 30, 40, 40, 41, 40, 40, 30, 40, 40, 40, 40, 40, 40, 40, 40, 40, 30, 40, 40, 40, 40, 50, 30, 40, 40, 30, 40, 40, 41, 40, 30, 40, 41, 40, 40, 30, 41, 40, 40, 40, 40, 40, 40, 40, 41, 40, 41, 40, 40, 41, 30, 40, 30, 40, 30, 40, 40, 40, 41, 40, 30, 40, 40, 40, 40, 40, 40, 50, 40, 40, 40, 40, 40, 40, 40, 40, 40, 40, 40, 40, 40, 40, 40, 40, 30, 40, 40, 40, 30, 40, 40, 40, }

ll popf run of 55000 elements got times = {40, 40, 40, 40, 40, 40, 40, 40, 40, 40, 30, 51, 40, 40, 40, 41, 40, 50, 40, 50, 40, 40, 40, 40, 40, 40, 40, 40, 40, 40, 30, 40, 40, 40, 40, 40, 40, 50, 40, 40, 40, 40, 40, 40, 40, 40, 40, 40, 40, 40, 40, 40, 30, 40, 30, 41, 40, 40, 31, 40, 40, 40, 30, 51, 40, 40, 30, 40, 40, 40, 40, 40, 40, 40, 41, 40, 40, 40, 40, 40, 41, 40, 40, 40, 40, 40, 40, 40, 30, 40, 40, 40, 41, 40, 30, 40, 40, 41, 30, 50, }

ll popf run of 60000 elements got times = {40, 50, 40, 40, 30, 40, 40, 40, 40, 40, 30, 40, 30, 40, 40, 40, 30, 40, 30, 41, 40, 40, 40, 40, 40, 40, 41, 50, 40, 40, 40, 40, 40, 40, 40, 40, 40, 40, 30, 50, 40, 40, 40, 41, 40, 41, 30, 40, 30, 40, 30, 40, 40, 40, 40, 40, 30, 40, 40, 50, 41, 40, 40, 40, 40, 40, 40, 50, 40, 40, 40, 40, 40, 40, 40, 40, 40, 40, 40, 30, 40, 40, 41, 40, 40, 50, 40, 41, 30, 50, 40, 50, 40, 40, 40, 40, 40, 40, 40, 40, }

ll popf run of 65000 elements got times = {61, 41, 40, 40, 40, 40, 30, 40, 40, 40, 30, 40, 40, 40, 40, 41, 30, 40, 40, 41, 30, 50, 40, 40, 41, 40, 40, 40, 40, 40, 40, 40, 40, 40, 30, 40, 40, 50, 40, 40, 40, 40, 40, 40, 40, 40, 40, 40, 30, 40, 40, 50, 40, 40, 30, 40, 40, 40, 40, 41, 40, 40, 30, 40, 30, 40, 40, 50, 40, 40, 40, 40, 40, 40, 40, 40, 40, 40, 40, 40, 30, 40, 40, 40, 40, 40, 30, 70, 30, 40, 30, 50, 40, 40, 40, 40, 40, 40, 60, 40, }

ll popf run of 70000 elements got times = {40, 41, 40, 40, 40, 40, 40, 40, 30, 40, 40, 40, 30, 30, 40, 40, 30, 41, 40, 40, 30, 40, 40, 40, 40, 40, 40, 41, 40, 40, 41, 40, 40, 40, 30, 40, 31, 40, 41, 40, 31, 40, 40, 40, 30, 40, 40, 40, 41, 30, 40, 40, 40, 40, 30, 40, 40, 40, 40, 40, 40, 40, 40, 40, 30, 40, 30, 40, 40, 50, 40, 40, 40, 40, 40, 40, 40, 40, 40, 40, 40, 40, 40, 40, 40, 40, 40, 40, 30, 30, 40, 40, 30, 40, 40, 60, 40, 40, 40, 51, }

ll popf run of 75000 elements got times = {40, 50, 30, 40, 40, 40, 40, 41, 40, 50, 40, 40, 40, 40, 30, 41, 40, 40, 40, 40, 30, 40, 40, 40, 40, 50, 40, 40, 40, 40, 30, 40, 40, 40, 40, 40, 40, 40, 40, 40, 40, 40, 40, 50, 30, 40, 40, 40, 40, 40, 40, 40, 40, 41, 40, 40, 40, 40, 40, 40, 40, 40, 40, 40, 40, 40, 40, 40, 30, 40, 40, 40, 40, 50, 40, 40, 30, 40, 40, 50, 40, 40, 30, 40, 40, 40, 40, 50, 40, 41, 40, 40, 40, 41, 40, 70, 40, 40, 30, 40, }

ll popf run of 80000 elements got times = {40, 40, 40, 30, 40, 40, 40, 40, 40, 40, 40, 40, 30, 40, 40, 40, 40, 50, 40, 40, 40, 40, 40, 40, 40, 40, 40, 40, 40, 40, 40, 50, 40, 40, 40, 40, 40, 40, 40, 40, 41, 40, 40, 40, 40, 40, 30, 40, 30, 40, 40, 40, 40, 40, 40, 40, 40, 40, 40, 40, 40, 40, 111, 40, 31, 41, 30, 40, 41, 40, 30, 70, 40, 41, 40, 40, 40, 40, 40, 40, 40, 40, 40, 40, 30, 40, 40, 40, 40, 40, 40, 40, 40, 40, 40, 41, 40, 40, 40, 40, }

ll popf run of 85000 elements got times = {40, 40, 40, 40, 40, 40, 30, 41, 40, 40, 40, 40, 40, 40, 30, 40, 40, 50, 41, 40, 30, 40, 40, 40, 40, 40, 40, 40, 40, 41, 30, 40, 40, 40, 30, 40, 40, 40, 40, 50, 31, 50, 40, 40, 41, 40, 40, 41, 30, 40, 40, 40, 30, 40, 40, 40, 41, 40, 40, 40, 41, 40, 30, 50, 30, 40, 40, 40, 40, 40, 40, 40, 40, 40, 40, 40, 40, 40, 40, 50, 30, 40, 40, 40, 40, 50, 30, 40, 30, 40, 40, 40, 30, 40, 40, 51, 40, 40, 40, 40, }

ll popf run of 90000 elements got times = {40, 40, 40, 40, 40, 40, 40, 40, 40, 40, 30, 40, 40, 40, 40, 40, 40, 40, 40, 40, 40, 40, 40, 40, 40, 40, 40, 41, 40, 30, 40, 40, 30, 40, 40, 40, 40, 40, 40, 40, 40, 40, 40, 40, 40, 40, 40, 40, 30, 40, 40, 40, 30, 40, 40, 41, 40, 40, 30, 40, 30, 40, 40, 41, 40, 40, 40, 40, 41, 40, 40, 40, 40, 40, 40, 40, 40, 40, 30, 40, 40, 40, 40, 40, 40, 40, 40, 40, 40, 40, 40, 40, 40, 40, 30, 40, 40, 40, 30, 40, }

ll popf run of 95000 elements got times = {30, 40, 40, 40, 40, 40, 40, 40, 40, 40, 30, 40, 30, 40, 41, 40, 40, 50, 30, 40, 30, 40, 40, 40, 30, 40, 40, 40, 30, 50, 30, 40, 40, 40, 41, 40, 40, 40, 30, 40, 40, 41, 40, 40, 40, 40, 40, 50, 30, 40, 30, 40, 40, 41, 40, 40, 40, 40, 40, 40, 30, 40, 40, 40, 40, 40, 30, 40, 40, 40, 30, 40, 40, 40, 40, 50, 40, 40, 40, 40, 40, 40, 31, 40, 40, 40, 40, 40, 40, 30, 40, 50, 41, 40, 30, 40, 40, 40, 30, 40, }

ll popf run of 100000 elements got times = {40, 40, 40, 40, 40, 41, 40, 40, 30, 40, 40, 40, 40, 40, 41, 41, 40, 40, 31, 30, 40, 40, 40, 40, 40, 40, 41, 30, 40, 40, 40, 40, 40, 30, 40, 51, 40, 40, 40, 30, 40, 40, 40, 30, 30, 40, 30, 30, 40, 30, 30, 30, 30, 30, 30, 30, 30, 40, 41, 40, 40, 40, 40, 40, 40, 40, 40, 60, 40, 40, 30, 40, 40, 30, 160, 30, 41, 40, 40, 30, 40, 40, 60, 40, 40, 40, 40, 40, 30, 40, 30, 30, 30, 40, 30, 40, 30, 30, 30, 40, }

ll insert run of 5000 elements got times = {24596, 671, 1512, 410, 2285, 691, 2445, 621, 2094, 912, 782, 611, 1283, 902, 1863, 350, 180, 1623, 781, 942, 2344, 581, 952, 1363, 641, 1923, 381, 341, 271, 371, 892, 1583, 1052, 772, 2043, 1994, 1923, 2244, 1233, 1093, 1894, 1423, 751, 341, 1663, 1232, 842, 911, 1513, 1302, 2274, 842, 861, 631, 1953, 201, 1542, 2445, 2074, 371, 591, 721, 2535, 2254, 1953, 2354, 962, 491, 260, 2114, 2525, 2254, 792, 711, 1152, 431, 140, 1172, 481, 1974, 2104, 931, 2184, 802, 150, 40, 2054, 1563, 1443, 681, 1894, 2074, 90, 130, 1072, 1814, 2024, 1463, 651, 70, }

ll insert run of 10000 elements got times = {3747, 1884, 2926, 2244, 4448, 5119, 1714, 2866, 1042, 3617, 632, 3086, 4698, 361, 682, 110, 2966, 4368, 1973, 341, 3717, 5079, 2474, 4608, 1102, 1312, 2555, 4789, 4719, 2806, 2625, 321, 4519, 4529, 751, 2505, 3236, 4940, 1863, 3226, 2475, 2344, 2084, 2244, 3436, 851, 3697, 1332, 671, 4078, 4719, 4017, 991, 3376, 150, 4749, 481, 1502, 3908, 191, 5040, 4218, 3356, 391, 1613, 1964, 3597, 2434, 3566, 2144, 581, 1292, 1623, 2785, 1913, 2374, 390, 2675, 1382, 3697, 3407, 5270, 2505, 3286, 3025, 4819, 752, 941, 4449, 2144, 3707, 1653, 871, 1814, 4949, 5300, 3266, 4879, 511, 1903, }

ll insert run of 15000 elements got times = {2044, 5471, 6072, 3346, 722, 2254, 6192, 3236, 1683, 5170, 1182, 5170, 5010, 3436, 471, 3176, 440, 4889, 3977, 2955, 7694, 6963, 992, 1112, 4028, 3757, 3887, 1894, 5340, 5120, 7665, 3527, 511, 6311, 912, 1253, 2044, 6832, 240, 5220, 5029, 6832, 7444, 7193, 6753, 5470, 460, 1223, 5981, 2605, 6151, 2013, 4989, 5601, 5129, 5410, 6863, 6132, 6131, 6903, 6071, 7544, 5319, 4809, 6553, 6462, 5560, 4137, 6111, 4679, 5019, 4769, 2284, 4880, 1113, 60, 5801, 7223, 3998, 2896, 2405, 2564, 5821, 742, 2685, 5771, 4929, 8165, 4198, 5400, 7474, 7815, 181, 6262, 5511, 8536, 1272, 5040, 7363, 7344, }

ll insert run of 20000 elements got times = {9467, 10530, 5771, 2725, 10259, 8075, 6302, 5260, 5701, 2395, 3446, 10519, 5941, 9708, 7795, 11431, 3005, 3677, 431, 10029, 7043, 411, 4950, 390, 430, 1532, 10389, 4729, 5440, 2254, 2836, 9027, 3116, 8576, 1453, 9989, 6112, 2254, 9147, 5491, 8306, 11932, 10480, 5771, 9237, 4709, 5640, 10279, 2104, 2425, 12753, 1643, 4899, 5430, 3747, 4859, 6212, 130, 4989, 4037, 2134, 5831, 5270, 10409, 5771, 9507, 4409, 5691, 2836, 9618, 3547, 2555, 6041, 5000, 1523, 9889, 4979, 1062, 5150, 6302, 3707, 10430, 4489, 11251, 6362, 7574, 7935, 9097, 1342, 6842, 9017, 4509, 7695, 3336, 6392, 7554, 4469, 9658, 1112, 11572, }

ll insert run of 25000 elements got times = {12834, 2374, 12213, 8656, 8657, 2865, 6052, 7564, 7014, 591, 1894, 10579, 6352, 12453, 15969, 11702, 411, 3497, 13375, 5571, 6933, 4929, 14236, 9388, 4619, 8356, 671, 6092, 1113, 2554, 7203, 14037, 4137, 3747, 3056, 9527, 18826, 8586, 1022, 13496, 12173, 13716, 8506, 4498, 16621, 1704, 11772, 14007, 7534, 241, 1783, 13095, 7614, 761, 1463, 3176, 9758, 13585, 2044, 1543, 13546, 8195, 5730, 4058, 1322, 12794, 10860, 2915, 6212, 13696, 6422, 12444, 10439, 9338, 8826, 1713, 12834, 14367, 3948, 3737, 5991, 3316, 8476, 9678, 9798, 11341, 16270, 12614, 1372, 8726, 12593, 4148, 10079, 12143, 14387, 12153, 7103, 1643, 7584, 15448, }

ll insert run of 30000 elements got times = {12954, 17462, 11752, 3997, 9067, 17583, 16040, 10380, 4368, 14497, 3507, 13164, 15409, 15369, 9578, 10991, 15830, 6212, 12934, 551, 2885, 812, 2555, 2254, 2554, 5640, 21821, 8265, 10890, 16561, 7134, 13626, 3306, 9658, 5280, 10079, 14618, 3646, 9017, 2625, 3356, 16821, 18825, 5831, 18284, 17964, 13155, 13265, 15759, 2625, 9949, 11882, 19987, 581, 1122, 12403, 19066, 9909, 13645, 19486, 6312, 5641, 12734, 16100, 1262, 4217, 15108, 14828, 5710, 3336, 14537, 3307, 21651, 1643, 14998, 9458, 2184, 18334, 4037, 16972, 12243, 9948, 18865, 5080, 17232, 3587, 9969, 1513, 6843, 16250, 7594, 5641, 11201, 671, 22312, 16731, 16321, 18455, 14256, 18805, }

ll insert run of 35000 elements got times = {18885, 3487, 28083, 340, 12504, 11982, 24697, 15949, 13165, 2114, 9318, 12112, 4869, 16190, 10760, 23063, 13365, 1002, 18334, 7765, 11151, 2715, 23905, 17132, 18865, 3938, 2615, 10790, 10951, 11962, 11021, 431, 11842, 11972, 20949, 9968, 18644, 11261, 12203, 16010, 3497, 5170, 24536, 13445, 26239, 21139, 22482, 14818, 6633, 8426, 14737, 17222, 5691, 2525, 18134, 6212, 12593, 11351, 20098, 14296, 6392, 1403, 4789, 2274, 6452, 18394, 11181, 3376, 17984, 15499, 18084, 25347, 8877, 12794, 21961, 2164, 11481, 15640, 11061, 26079, 13285, 4157, 13155, 3176, 14918, 1122, 11732, 17312, 17142, 17101, 14697, 7584, 2374, 16591, 18715, 14277, 12713, 9277, 631, 1283, }

ll insert run of 40000 elements got times = {31549, 5561, 6191, 5490, 11361, 28774, 41578, 7153, 33713, 19787, 35306, 15820, 37911, 1062, 32060, 17002, 29896, 8135, 641, 20789, 21720, 20328, 12904, 7124, 7945, 1092, 11843, 12644, 3657, 21591, 22552, 20960, 5130, 6993, 30377, 2465, 7404, 2304, 17602, 14177, 4238, 2745, 19857, 18835, 10219, 2916, 5922, 20278, 561, 21921, 5300, 18064, 13536, 11903, 5049, 7313, 16390, 22241, 10650, 13475, 35857, 4248, 9638, 8365, 10750, 5581, 9718, 11572, 6131, 6632, 200, 9909, 17252, 33002, 1393, 22532, 34093, 2555, 27271, 21170, 22021, 801, 27682, 12343, 6542, 15569, 10790, 19727, 2064, 11451, 14407, 16040, 17684, 3427, 5961, 5350, 10048, 23174, 15489, 8085, }

ll insert run of 45000 elements got times = {19396, 4288, 26980, 21220, 24386, 3807, 18866, 21069, 2675, 8697, 24325, 14688, 20538, 921, 25348, 28212, 15899, 351, 18314, 3366, 11972, 18204, 3787, 30256, 19917, 24496, 15148, 32360, 25066, 12644, 42850, 15690, 151, 21440, 17954, 26119, 27442, 3547, 38993, 23123, 4789, 6051, 16341, 11562, 19496, 6903, 36949, 33462, 21911, 28534, 21891, 4919, 16331, 3867, 16350, 742, 10950, 5951, 26610, 12854, 12464, 18936, 15429, 14568, 32010, 932, 24115, 22813, 1863, 11501, 17753, 3487, 14087, 22191, 21330, 25197, 19677, 200, 24175, 14547, 9017, 4248, 18084, 17562, 22172, 8506, 28673, 3968, 24146, 1001, 21500, 35807, 1923, 7343, 31739, 13045, 26469, 35406, 35626, 18585, }

ll insert run of 50000 elements got times = {40376, 8376, 6412, 38682, 30437, 33653, 18995, 9127, 25257, 1372, 25708, 27351, 20468, 26159, 8556, 23464, 3927, 39815, 22552, 32861, 25057, 2204, 40115, 19386, 10870, 29516, 40225, 41838, 34274, 28333, 34014, 25738, 3196, 12723, 3757, 26810, 13736, 24345, 3176, 36688, 10950, 27031, 5040, 8316, 3166, 2064, 20388, 28954, 9357, 28734, 10479, 1703, 51817, 20408, 17032, 12594, 46307, 10760, 4709, 15630, 8405, 280, 15249, 32240, 50374, 34916, 6272, 19436, 9578, 4689, 24065, 24836, 18134, 21160, 35446, 7203, 12043, 35026, 49653, 36618, 5401, 3687, 4889, 30317, 34505, 36038, 25358, 30437, 24877, 36659, 20538, 10600, 5811, 40736, 56967, 33392, 29214, 1262, 39644, 32170, }

ll insert run of 55000 elements got times = {4468, 3406, 21259, 7373, 5040, 21390, 26470, 1823, 26009, 26770, 11842, 44753, 9778, 24165, 18725, 32531, 30547, 6212, 5330, 10189, 18004, 31428, 15459, 15519, 15839, 19306, 25327, 27301, 29024, 16551, 59972, 9168, 30517, 32120, 25488, 12192, 6512, 53039, 13194, 12553, 17022, 21239, 44994, 5901, 9458, 4358, 11080, 24426, 29105, 38832, 22602, 5310, 29185, 3377, 2604, 27902, 15179, 3607, 40877, 48350, 320, 14267, 6151, 10429, 29084, 38693, 13445, 31219, 3977, 5280, 14868, 12554, 43321, 41057, 32501, 19687, 23354, 8676, 9608, 14317, 29425, 11582, 5400, 30186, 13325, 7685, 7174, 38522, 49613, 5921, 18535, 49703, 30297, 7234, 64460, 28794, 24185, 25698, 37470, 33342, }

ll insert run of 60000 elements got times = {40335, 42940, 10540, 29495, 57307, 11722, 39754, 35847, 36277, 46256, 62106, 38102, 22963, 28925, 35136, 6402, 330, 38001, 21420, 1653, 10850, 27993, 62798, 35266, 13836, 31729, 29876, 15529, 50684, 26249, 32521, 5530, 12894, 16811, 4859, 51136, 40896, 5300, 28253, 48009, 54903, 52298, 9438, 9508, 892, 41618, 20989, 12202, 57287, 27441, 40987, 2905, 10409, 23163, 18745, 25598, 5270, 39695, 11231, 11362, 1243, 3226, 54723, 15799, 34264, 16551, 18565, 54892, 31108, 6893, 12954, 16401, 25678, 51897, 20759, 33041, 3126, 5781, 4368, 46567, 40465, 24386, 2204, 65542, 22272, 18345, 37239, 32902, 31309, 15799, 26690, 28233, 27180, 24276, 13195, 120, 2264, 6732, 20799, 34704, }

ll insert run of 65000 elements got times = {4018, 8846, 7864, 3296, 75111, 6301, 65893, 29315, 27021, 16380, 19306, 56045, 37951, 17743, 33372, 511, 1904, 25798, 67987, 33071, 69380, 5299, 17763, 12603, 1253, 34985, 2906, 40606, 19867, 14036, 30727, 7223, 18875, 11692, 71995, 13786, 34875, 11792, 17723, 46957, 5340, 25097, 14417, 25368, 14186, 66364, 29705, 11682, 36388, 26189, 14788, 26761, 38562, 14948, 1302, 66044, 8877, 782, 39755, 5951, 22792, 11361, 8927, 11010, 57136, 10720, 61064, 3868, 3918, 1193, 33783, 11823, 12063, 17212, 3416, 44955, 63870, 7895, 16391, 24015, 78226, 15379, 60152, 13315, 28023, 41027, 18194, 20859, 6672, 150, 16691, 33182, 1343, 21721, 10901, 15319, 42920, 19637, 9939, 1943, }

ll insert run of 70000 elements got times = {80461, 2194, 15238, 33482, 19246, 622, 30957, 1964, 60062, 17993, 25126, 18294, 78737, 14808, 1232, 11562, 25157, 7263, 24145, 8837, 64200, 54331, 50, 6211, 26329, 9427, 2785, 50545, 26660, 36699, 4007, 61294, 73988, 32390, 62808, 25127, 16892, 40796, 72706, 27150, 78287, 11802, 3817, 6201, 5741, 6462, 56575, 16801, 52528, 58960, 6211, 53009, 22833, 27752, 10259, 23855, 47439, 17503, 33292, 27101, 19606, 52838, 24075, 61615, 70091, 18565, 60203, 12403, 20379, 29245, 9338, 1533, 45155, 18164, 13255, 70892, 19156, 63057, 69089, 22001, 56015, 43381, 11953, 4519, 44754, 11421, 75050, 32641, 10569, 34915, 45626, 2194, 25407, 1533, 14167, 55444, 4759, 22683, 12493, 56215, }

ll insert run of 75000 elements got times = {63038, 45294, 73347, 42459, 12162, 7304, 26109, 65562, 54652, 58990, 16521, 3807, 83146, 5610, 94006, 32130, 100898, 7424, 12003, 2254, 38161, 18494, 7494, 44303, 38673, 8236, 12874, 102161, 37440, 64861, 12483, 41337, 41227, 3777, 60543, 32421, 5490, 57948, 85791, 41938, 60363, 42850, 16040, 10029, 28333, 3797, 16901, 29656, 6072, 5621, 82945, 7654, 13796, 82354, 38321, 32811, 88075, 19767, 81452, 3587, 13495, 45836, 17934, 5550, 31469, 12023, 6192, 17102, 83486, 4028, 38242, 15309, 18775, 2084, 18575, 26630, 41197, 39645, 44493, 51516, 561, 8195, 4388, 19065, 8966, 44774, 20929, 17843, 22302, 32220, 14838, 1213, 44413, 46977, 4318, 44363, 8005, 3056, 33894, 47539, }

ll insert run of 80000 elements got times = {101750, 10389, 45295, 56276, 63548, 18936, 60233, 19136, 39604, 51686, 1483, 47198, 35466, 42970, 76724, 32451, 27412, 64060, 32661, 32180, 9027, 10419, 25478, 62737, 101359, 26109, 15258, 72406, 6833, 52508, 30957, 17954, 35246, 701, 45656, 26399, 3146, 10159, 38782, 55473, 36448, 31880, 26139, 40166, 10579, 2465, 2675, 24747, 91962, 27100, 2905, 34555, 49162, 63108, 17472, 12223, 4628, 32030, 49272, 10410, 94807, 36819, 16510, 87093, 87423, 46637, 16481, 8265, 632, 50725, 15509, 6603, 41919, 15879, 32230, 26770, 90820, 34895, 6702, 50113, 60553, 40205, 5310, 5631, 38943, 2254, 56165, 36729, 19005, 10069, 95137, 28754, 17122, 12213, 101900, 36969, 48962, 11562, 13595, 80099, }

ll insert run of 85000 elements got times = {37310, 18745, 3106, 33061, 38562, 22632, 91781, 3998, 491, 14678, 89828, 33463, 27842, 4939, 10459, 8416, 10229, 60343, 3967, 44093, 21680, 12443, 16872, 17112, 41066, 7965, 47318, 92513, 17954, 5150, 4348, 59000, 6121, 27562, 34445, 38382, 32681, 2254, 39594, 41508, 73767, 11522, 25839, 6563, 16170, 46367, 31609, 38421, 16721, 9778, 32130, 10940, 23213, 67636, 62196, 71835, 42630, 25999, 4148, 9929, 53420, 92372, 7074, 74620, 17212, 17593, 23374, 51747, 102431, 16691, 73848, 71774, 39183, 44664, 7554, 19606, 34825, 23093, 7404, 841, 47028, 71594, 11652, 38742, 28894, 91291, 19726, 20428, 52338, 12213, 60363, 68468, 21300, 61595, 33292, 10509, 30187, 55564, 32992, 7715, }

ll insert run of 90000 elements got times = {16591, 21901, 19406, 100548, 25016, 106149, 32290, 95108, 96401, 16070, 27231, 15830, 90529, 52368, 49363, 85580, 15789, 50725, 6763, 42399, 52658, 12072, 39343, 38041, 107842, 46086, 39063, 60403, 26890, 42660, 90038, 1223, 34094, 42629, 94025, 33663, 14537, 96350, 10600, 95498, 12364, 3497, 77535, 17112, 28934, 63920, 62858, 1894, 81092, 7374, 25277, 61355, 4268, 58099, 42128, 59701, 26450, 75992, 14958, 66625, 15279, 18886, 12263, 95238, 53190, 48350, 11161, 10390, 75061, 6562, 66865, 63278, 38291, 8436, 78997, 7144, 5420, 16361, 70872, 58319, 24425, 72796, 87063, 13365, 2545, 8947, 93054, 1694, 15018, 94657, 81222, 58409, 17162, 1903, 121097, 71454, 83766, 15278, 36698, 16491, }

ll insert run of 95000 elements got times = {107711, 73277, 81272, 23434, 31288, 21189, 14698, 45375, 17753, 36398, 33022, 86482, 7033, 3617, 41968, 13685, 29715, 2264, 13786, 19967, 87243, 26109, 115496, 42640, 42299, 38291, 2585, 10649, 38352, 38972, 44363, 19827, 7153, 19386, 631, 46537, 130263, 42519, 46827, 2154, 72175, 57968, 44403, 83476, 54421, 50694, 53300, 66234, 4689, 18144, 35466, 110537, 83857, 73748, 112290, 8997, 98705, 34184, 117931, 5119, 31549, 42018, 54823, 45495, 54061, 69219, 14377, 59592, 4188, 102632, 85159, 10249, 127068, 122489, 55804, 25117, 82053, 54441, 821, 27161, 53560, 56976, 161522, 9288, 78467, 50114, 6492, 20217, 124523, 9839, 18585, 38562, 12914, 47499, 98174, 112330, 18164, 12724, 67826, 98324, }

ll insert run of 100000 elements got times = {35115, 27491, 59000, 50084, 7374, 63258, 14928, 25537, 26339, 35577, 51306, 70442, 38272, 84999, 106620, 66013, 32160, 76322, 42730, 41617, 29676, 5480, 6933, 139491, 54252, 97041, 118311, 5821, 91080, 18585, 54382, 128581, 63068, 5380, 37019, 23834, 64861, 58119, 18484, 103634, 72064, 24406, 48090, 78647, 41077, 23745, 92443, 42870, 5570, 25929, 2444, 4468, 30047, 6352, 83597, 40265, 37971, 34274, 32050, 28013, 35086, 22041, 11301, 47980, 52338, 39063, 116007, 26319, 65151, 26870, 73718, 36849, 66364, 81032, 9307, 122028, 22162, 125154, 82624, 46727, 9788, 19206, 31579, 49613, 83235, 92483, 7203, 5750, 21810, 39374, 19356, 98334, 63880, 59050, 51786, 51075, 43882, 6893, 20949, 8786, }

ll remove run of 5000 elements got times = {350, 611, 2285, 1002, 2194, 3136, 301, 3727, 1903, 3877, 1032, 2013, 231, 1292, 251, 2164, 3306, 3165, 100, 3716, 1002, 1212, 3647, 681, 3316, 2876, 911, 3116, 370, 211, 571, 3456, 300, 1313, 1182, 1583, 2554, 2675, 1032, 1142, 1162, 1783, 2004, 481, 601, 3146, 2655, 491, 1673, 2965, 2275, 1944, 3045, 2565, 901, 381, 671, 2134, 551, 3366, 2966, 1974, 2144, 2505, 421, 1773, 3577, 1843, 631, 3396, 1774, 1953, 2375, 2565, 651, 641, 1542, 2064, 711, 1864, 1763, 401, 3317, 1383, 2786, 551, 701, 2415, 2354, 1513, 50, 2254, 772, 110, 311, 351, 1933, 2335, 541, 531, }

ll remove run of 10000 elements got times = {491, 5901, 591, 3326, 7273, 6863, 1683, 4879, 6382, 6713, 1393, 7514, 1262, 5771, 5611, 762, 461, 3406, 3136, 1143, 331, 1993, 6041, 5651, 3547, 3526, 6823, 4699, 1733, 1503, 4629, 6682, 7374, 5640, 5160, 7033, 3978, 2876, 3436, 4789, 5631, 4298, 1713, 3888, 611, 80, 2394, 3126, 2235, 4248, 3947, 1022, 1323, 1122, 40, 7114, 6712, 4248, 3416, 541, 1923, 2544, 5491, 2815, 2916, 3146, 972, 6021, 6542, 6151, 1402, 822, 4859, 471, 240, 5641, 7284, 3286, 2073, 7033, 6953, 1213, 3577, 1092, 5230, 6222, 5671, 2334, 3236, 5380, 1533, 2424, 3656, 1984, 391, 842, 4248, 4769, 6382, 7304, }

ll remove run of 15000 elements got times = {1823, 11582, 8816, 4157, 13635, 1663, 6121, 4208, 10089, 5029, 4087, 942, 6623, 8085, 4247, 8906, 10169, 8435, 13525, 16661, 11671, 9267, 4749, 12474, 9267, 5720, 8707, 7985, 11211, 2314, 882, 9948, 2394, 5821, 14257, 16742, 10539, 9938, 3186, 5820, 6853, 5551, 70, 5871, 5800, 5992, 7634, 2084, 13485, 8586, 5510, 3106, 140, 11812, 11301, 16381, 1964, 5610, 3246, 4990, 4829, 3957, 1312, 13465, 70, 3016, 1493, 461, 10459, 6502, 13645, 11962, 490, 9237, 9378, 5891, 6071, 17773, 8916, 561, 1884, 8726, 1883, 16050, 3737, 9558, 6752, 1743, 230, 15850, 6402, 14597, 90, 451, 12132, 10469, 9337, 15689, 13786, 5219, }

ll remove run of 20000 elements got times = {3647, 19487, 1904, 2735, 2865, 7294, 15149, 7965, 24075, 1542, 7484, 12133, 17723, 151, 4709, 10459, 12433, 23474, 4479, 12814, 1031, 361, 22262, 120, 14718, 971, 9016, 27492, 8255, 9278, 21180, 12894, 3366, 20358, 2595, 501, 23404, 12263, 12734, 3767, 3626, 2635, 15729, 2615, 8186, 28884, 18445, 1753, 1804, 2885, 2425, 7854, 16792, 5139, 4469, 2936, 15769, 29465, 23865, 4718, 1493, 24606, 7393, 12924, 14948, 1293, 7944, 20087, 80, 581, 6663, 21580, 17423, 13125, 13035, 24446, 6893, 17944, 5220, 21470, 2324, 6181, 8005, 1954, 6652, 5160, 2244, 10229, 12503, 25377, 10670, 6122, 4479, 18976, 20088, 27381, 5581, 13225, 1834, 26740, }

ll remove run of 25000 elements got times = {7033, 3065, 13596, 1924, 3998, 8636, 18385, 23815, 16711, 1844, 5420, 3266, 20829, 8676, 27241, 10019, 5600, 5681, 35617, 3026, 120, 10319, 36048, 16571, 6152, 37179, 25658, 141996, 29846, 13716, 25798, 28753, 19256, 30828, 36168, 461, 9869, 12353, 30037, 19337, 35356, 8135, 7414, 9517, 15248, 1462, 622, 5110, 31890, 13716, 972, 7014, 14126, 6803, 33443, 32891, 2034, 29225, 3577, 26259, 5130, 23344, 14748, 27922, 35396, 8856, 5350, 9849, 25557, 36027, 10149, 21520, 190, 2144, 19176, 23493, 18545, 2364, 30787, 7294, 8967, 19536, 9618, 11572, 4829, 31048, 10169, 19878, 12113, 812, 8495, 21831, 10900, 26730, 19236, 3416, 22141, 8246, 11843, 19296, }

ll remove run of 30000 elements got times = {36038, 12704, 270, 35396, 27221, 80, 41287, 8355, 42078, 2755, 15639, 28333, 9247, 16661, 4799, 19266, 200, 25889, 14918, 36659, 3616, 23714, 10089, 23504, 5149, 33352, 91, 11591, 15920, 31759, 41267, 22612, 44643, 431, 10459, 4999, 41106, 7524, 37110, 28303, 9669, 21069, 811, 37410, 40155, 4118, 18835, 25317, 22242, 35727, 27512, 14968, 41377, 3236, 12303, 17423, 4218, 2004, 5019, 15199, 20528, 28193, 27141, 13936, 4929, 14708, 14347, 8676, 11251, 12764, 37159, 19777, 6191, 16591, 5540, 22852, 19517, 38803, 30276, 6702, 1362, 3146, 802, 11922, 19457, 8877, 13215, 7204, 3286, 11291, 12132, 27432, 2525, 11121, 26931, 17433, 15860, 4638, 17212, 28102, }

ll remove run of 35000 elements got times = {481, 2545, 59942, 47258, 1482, 1764, 8656, 8065, 16862, 46958, 24926, 42069, 26119, 17814, 9869, 24195, 9608, 44353, 22933, 6092, 31569, 11612, 46487, 20078, 55563, 9258, 59691, 35597, 40416, 2294, 28904, 7544, 5240, 8416, 5381, 36748, 13034, 18084, 42560, 6272, 531, 19687, 14918, 42479, 19746, 32941, 13415, 3136, 8606, 39675, 8345, 19006, 32972, 41758, 13655, 14808, 13294, 5520, 4849, 40135, 24356, 53500, 60974, 32170, 62036, 16922, 19697, 6923, 41117, 6131, 50504, 13916, 57267, 30918, 39664, 39574, 49463, 34665, 22131, 17843, 11211, 30437, 9117, 27491, 49292, 12683, 291, 37370, 60343, 44774, 21861, 6221, 6121, 19697, 41598, 2755, 18084, 5731, 10851, 2384, }

ll remove run of 40000 elements got times = {26610, 3326, 7875, 9548, 24386, 12453, 14578, 19175, 4779, 2064, 9037, 41277, 25217, 12784, 63930, 9528, 64971, 1202, 43482, 43852, 24957, 26359, 6813, 33002, 8336, 4548, 18394, 11982, 24265, 17453, 56676, 42660, 33984, 3356, 2104, 911, 56365, 39644, 59842, 7514, 10751, 43121, 24606, 48581, 3757, 34604, 9909, 32290, 79438, 57898, 76803, 34495, 33723, 17112, 37971, 44183, 14657, 96991, 63619, 8596, 11432, 17563, 17032, 2084, 8135, 30257, 72305, 28914, 23995, 35346, 35085, 54051, 12634, 50234, 11642, 7154, 61865, 2826, 35857, 43712, 44302, 6633, 5771, 48090, 23023, 57277, 20178, 15088, 2024, 27742, 15950, 3236, 17372, 6642, 17834, 16582, 71744, 37150, 14176, 19857, }

ll remove run of 45000 elements got times = {7844, 58509, 22071, 49032, 43912, 12523, 18885, 40766, 52558, 36778, 28473, 60233, 63579, 44233, 69940, 36929, 23524, 63208, 27972, 84237, 104205, 14377, 74189, 71174, 58119, 50634, 14277, 44263, 14848, 3888, 27472, 7374, 732, 19877, 82124, 18675, 36598, 17383, 47719, 6132, 6833, 36218, 24465, 12914, 30607, 14668, 48641, 32221, 60573, 33132, 30727, 54101, 6272, 58810, 47929, 1593, 5119, 53500, 68548, 30276, 78397, 18865, 64852, 26590, 81382, 24927, 80591, 25618, 46647, 1803, 2955, 42279, 11011, 25308, 10469, 5961, 16892, 9347, 24546, 25187, 19176, 9478, 7765, 45555, 38873, 20919, 12263, 25438, 59441, 64450, 26930, 5040, 50154, 47940, 4168, 47759, 60684, 14978, 3507, 6222, }

ll remove run of 50000 elements got times = {2524, 34474, 21991, 18475, 3516, 44633, 24486, 9257, 16451, 742, 107050, 81843, 3126, 59882, 14147, 27381, 41427, 30456, 112991, 52278, 110407, 732, 47679, 15018, 31379, 42931, 13916, 73006, 85099, 27391, 6633, 13736, 9147, 32521, 99917, 26119, 160, 52689, 12152, 28593, 16430, 41377, 23544, 67276, 46817, 38312, 4658, 44874, 2054, 42008, 106760, 60633, 37580, 261, 24817, 62657, 32461, 56856, 16280, 49903, 89718, 11832, 72296, 28914, 25177, 30767, 4960, 40005, 8366, 1674, 16551, 75782, 4769, 41037, 93454, 51076, 36498, 22883, 78888, 33964, 82605, 15660, 87013, 83496, 6653, 4458, 52007, 25929, 35917, 45064, 32471, 10159, 23003, 11642, 8586, 33824, 19567, 22161, 109354, 37330, }

ll remove run of 55000 elements got times = {20588, 18395, 63819, 17533, 24055, 51877, 86131, 42029, 6102, 31089, 64661, 86492, 93354, 9989, 16902, 32331, 9347, 29195, 7564, 45516, 54011, 9047, 66525, 1623, 95389, 11782, 13305, 56886, 43161, 36168, 9418, 44232, 34284, 9728, 4057, 48531, 1092, 97983, 25378, 49723, 25528, 26790, 28353, 21330, 60814, 43471, 67246, 22171, 77916, 11602, 13946, 21310, 49172, 80700, 67426, 22572, 32230, 31109, 68618, 25839, 28945, 46567, 105166, 22502, 24766, 47760, 7173, 70793, 5029, 7154, 41568, 4328, 94286, 36599, 10380, 15018, 22783, 19847, 37941, 88636, 8516, 19907, 26640, 53660, 56716, 47208, 26820, 38051, 66334, 6402, 55314, 70702, 66113, 32180, 86913, 18504, 19427, 66896, 38472, 69430, }

ll remove run of 60000 elements got times = {11571, 7404, 15048, 63880, 46447, 66635, 42790, 72866, 130595, 49603, 28844, 86261, 59752, 25428, 70813, 1723, 15930, 1613, 71053, 39414, 119864, 23734, 85510, 26519, 61415, 56145, 11020, 87835, 4869, 6803, 67006, 95769, 59722, 81051, 49933, 13626, 32371, 29435, 36448, 11822, 47679, 20579, 35807, 39433, 111539, 57247, 29095, 78326, 40716, 11442, 109615, 18685, 52959, 1714, 72526, 5069, 100518, 12954, 64561, 77695, 18845, 79428, 21561, 19256, 127268, 89788, 2224, 23343, 54893, 75801, 101920, 77946, 109885, 8115, 82084, 1322, 6292, 43983, 12293, 10249, 14206, 43331, 47158, 10088, 13796, 12473, 16852, 61455, 99065, 2986, 44914, 28343, 106980, 55714, 89227, 86000, 6763, 17322, 79429, 22783, }

ll remove run of 65000 elements got times = {12293, 19987, 56616, 10169, 58449, 21290, 2976, 4368, 4027, 76252, 4138, 53030, 86091, 70662, 17593, 10149, 61996, 14387, 58549, 86111, 32000, 88606, 51145, 86171, 25638, 85229, 9879, 72065, 112139, 105107, 20018, 59241, 47058, 71243, 83907, 96140, 32732, 84588, 93985, 19397, 91260, 88215, 45675, 56907, 63820, 70091, 94096, 6362, 134041, 7785, 26860, 54782, 38542, 43461, 37971, 6211, 111177, 71314, 58048, 97934, 78707, 55063, 52438, 4900, 79960, 54462, 14608, 58019, 78437, 12634, 125936, 68397, 98755, 15559, 75862, 9387, 5951, 18044, 2615, 95449, 144911, 84518, 20579, 7774, 96871, 83115, 23263, 21651, 11782, 58530, 68609, 59151, 107942, 15679, 11161, 78226, 68538, 56786, 65092, 62076, }

ll remove run of 70000 elements got times = {49222, 60293, 66925, 33282, 60533, 28553, 721, 25308, 65442, 19456, 23133, 46427, 30798, 50996, 7885, 62056, 6953, 21770, 132758, 33243, 151864, 18755, 12564, 13776, 78467, 39434, 351, 27301, 23654, 8415, 115686, 61575, 49262, 11261, 97232, 17493, 36809, 34584, 42128, 90178, 48531, 93134, 32921, 105848, 34455, 45004, 119173, 70993, 5711, 3006, 50585, 41477, 101229, 15138, 77575, 48952, 77265, 92663, 130584, 17954, 13676, 64982, 12183, 24235, 3446, 99456, 123521, 33252, 102763, 89398, 164738, 34034, 57557, 98845, 85520, 621, 12213, 19196, 74890, 59481, 75722, 5671, 76062, 82725, 50515, 100888, 50785, 14146, 135854, 96069, 144590, 36869, 22843, 47298, 49312, 51997, 27241, 97012, 69821, 28644, }

ll remove run of 75000 elements got times = {541, 56045, 75721, 48260, 29004, 6943, 150792, 46637, 55002, 90099, 63178, 55053, 97682, 58740, 42429, 110176, 20228, 106820, 5551, 36308, 51566, 71574, 57849, 76263, 33022, 30337, 54813, 59712, 2966, 56466, 111238, 116427, 85209, 37901, 26540, 60874, 13315, 12974, 117731, 55705, 67457, 14567, 70372, 102973, 88676, 15459, 34374, 50144, 10169, 25748, 20428, 30076, 137717, 91431, 77305, 12353, 9748, 119673, 57307, 11321, 40065, 84889, 107471, 86692, 10069, 96680, 165720, 69610, 18284, 81383, 48821, 96961, 78156, 3346, 83135, 4298, 45666, 19185, 66575, 51477, 44203, 16862, 20879, 10610, 122579, 75811, 160310, 38371, 82815, 116808, 117139, 46116, 16972, 38753, 40285, 21640, 120385, 80260, 96891, 82785, }

ll remove run of 80000 elements got times = {11952, 72996, 42540, 60503, 84879, 73518, 92954, 83627, 21059, 33332, 9428, 25387, 15309, 4368, 168425, 68908, 103193, 14477, 1092, 7134, 66214, 5110, 82173, 48841, 6412, 89688, 61195, 63559, 38322, 123451, 42359, 71273, 57598, 46767, 181219, 125715, 109865, 115426, 56757, 10209, 8646, 36799, 45725, 58750, 76363, 86352, 83206, 78307, 143789, 77364, 4589, 21640, 902, 68518, 149550, 32882, 90549, 27502, 54292, 21671, 77495, 10569, 131646, 19697, 9348, 72105, 86802, 104456, 9778, 70281, 61034, 37360, 57377, 23644, 49943, 64811, 109054, 8847, 27702, 100077, 55144, 2034, 6973, 6282, 25788, 43081, 19006, 39223, 83446, 29415, 26720, 51226, 134923, 39945, 74609, 26289, 94176, 19035, 4038, 117420, }

ll remove run of 85000 elements got times = {1613, 27611, 23944, 29365, 94016, 56155, 65663, 102572, 135092, 28854, 10429, 117991, 69851, 7734, 18054, 78757, 71944, 60634, 62658, 16460, 1403, 164367, 146805, 672, 1172, 114904, 87333, 102491, 15088, 6362, 3446, 43241, 91982, 40576, 35246, 55003, 164999, 148498, 14347, 133721, 58509, 79789, 22813, 18124, 92042, 67246, 3848, 103173, 20809, 60593, 95278, 66895, 139772, 55374, 26249, 26048, 17102, 81172, 14567, 26058, 2284, 10540, 68027, 831, 23404, 78917, 13656, 97583, 153197, 46757, 71604, 14347, 93244, 11401, 14738, 28464, 4017, 77204, 167824, 77415, 93285, 25227, 5310, 109996, 120976, 36929, 166992, 40536, 46227, 12112, 45755, 22011, 65944, 27361, 14237, 21560, 60985, 13385, 81603, 122500, }

ll remove run of 90000 elements got times = {18284, 31268, 16030, 51205, 35828, 20789, 90950, 23444, 22563, 89998, 192140, 5109, 17282, 30407, 105607, 43020, 28633, 64431, 45596, 80742, 115175, 4108, 72175, 39805, 71063, 13686, 92022, 5039, 17483, 45174, 34114, 51016, 209843, 40886, 69229, 61746, 14156, 29466, 182872, 72105, 91271, 151894, 24796, 27131, 67065, 125946, 128130, 105497, 20488, 71634, 58089, 102612, 19036, 112320, 44904, 28684, 78357, 126507, 96240, 112260, 55023, 17974, 190235, 101469, 5290, 13936, 28142, 15580, 15218, 72285, 38983, 44994, 96962, 4057, 91772, 129181, 157174, 1302, 32702, 9167, 8907, 135824, 53480, 19507, 167043, 91792, 67016, 94247, 47679, 73647, 33804, 61876, 10409, 69440, 88746, 82574, 27772, 149350, 124253, 129512, }

ll remove run of 95000 elements got times = {12723, 101319, 14677, 581, 10149, 10379, 35015, 28173, 72355, 143919, 29405, 64660, 52418, 101560, 152235, 162734, 91832, 100768, 15739, 54041, 68368, 22081, 34114, 183644, 155460, 34344, 3677, 85850, 1202, 31849, 44723, 112740, 10239, 117920, 197970, 13245, 261, 46477, 31158, 122068, 83175, 64821, 39243, 148327, 92143, 106199, 12975, 69631, 34275, 71053, 28824, 43481, 13154, 146184, 8125, 3206, 177462, 65172, 182942, 84237, 15108, 7544, 98494, 60112, 8697, 32681, 91552, 62066, 139241, 86612, 97272, 57277, 44012, 1814, 87624, 4138, 109425, 133720, 4258, 90118, 62908, 2665, 156032, 25768, 8276, 48701, 104866, 68188, 34314, 110537, 27601, 44283, 20068, 34815, 33934, 144230, 6292, 102051, 83096, 82825, }

ll remove run of 100000 elements got times = {127158, 131406, 29275, 34284, 46206, 140933, 26550, 28203, 74800, 12964, 97392, 15429, 69830, 62887, 10951, 10189, 6973, 168956, 1723, 120035, 14006, 135133, 68678, 136405, 32230, 193612, 54722, 35447, 192590, 149580, 142266, 53891, 4138, 12764, 118763, 117169, 100969, 20658, 41708, 25628, 55293, 71033, 111579, 56306, 158888, 181770, 33543, 31369, 43792, 7163, 90309, 61966, 11772, 76884, 14266, 75321, 55013, 46888, 128791, 59762, 30427, 34665, 5971, 65743, 29626, 52017, 94857, 65673, 149860, 31209, 10279, 60263, 35296, 114144, 113622, 34555, 3326, 181089, 791, 75481, 107321, 92813, 43912, 143298, 67406, 103233, 118081, 85099, 66985, 23695, 26269, 127248, 37500, 64951, 35236, 106309, 119825, 6442, 36168, 139260, }
